# Camera calibration parameters
# Generated by rmcs_laser_guidance camera_calibration
# Timestamp: 2026-05-11T09:55:53+0800

calibration:
  image_width: 1920
  image_height: 1080
  chessboard:
    cols: 11
    rows: 8
    square_size_mm: 15
  camera_matrix: [[12438.249022697528, 0, 954.4360909153514], [0, 12470.75445094105, 532.2815969817125], [0, 0, 1]]
  dist_coeffs: [-0.03555723481253467, 19.465067819938334, 0, 0, 0]
  rms_reprojection_error: 0.13935034017597064
  num_samples: 47