model:
  type: poly3
  log_area_mean: 7.452435729
  log_area_std: 0.471391111
  vx_coeffs: [-0.013426298, 0.025168572, 0.014587720, 0.745940132, -0.010432332, -0.002897049, 0.041566661, 0.000663797, 0.036480670, 0.003888207, -0.009367901, -0.021303478, -0.037281179, 0.009137101, -0.005819154, -0.054347735, -0.007091828, -0.010572767, -0.006244973, 0.013726020]
  vy_coeffs: [0.138182861, -0.067900450, 0.308563000, 0.011393072, 0.007811886, -0.020888718, -0.561673783, -0.029537083, -0.695997310, -0.158246555, 0.005003870, 0.282271177, 0.690454976, 0.181564920, 0.099524659, 0.839520218, 0.485648934, 0.160137163, 0.117440398, -0.347338071]
