model:
  type: poly3
  log_area_mean: 7.445597625
  log_area_std: 0.473332372
  vx_coeffs: [-0.013702941, 0.025848000, 0.014174611, 0.746270972, -0.010211866, -0.002370609, 0.042128154, 0.001096675, 0.037228340, 0.004164587, -0.009664147, -0.021244994, -0.037231767, 0.008000503, -0.005818296, -0.054391672, -0.008232193, -0.010716412, -0.004545169, 0.013440985]
  vy_coeffs: [0.138020461, -0.069226207, 0.308650434, 0.014685308, 0.009623816, -0.032650905, -0.556470819, -0.035869816, -0.713802230, -0.170745851, 0.006511347, 0.281757469, 0.699134129, 0.175778760, 0.099240554, 0.841747249, 0.515051526, 0.149174277, 0.122309073, -0.372120611]
