model:
  type: poly3
  log_area_mean: 7.469597777
  log_area_std: 0.462287689
  vx_coeffs: [-0.011173212, 0.019641318, 0.000411799, 0.748979244, -0.009222274, -0.004809234, 0.012312434, -0.000626941, -0.004592330, -0.003841526, -0.007258498, -0.002875078, 0.003956534, 0.011471176, -0.000477000, -0.007045697, 0.021228347, -0.004942508, 0.000034337, -0.010884710]
  vy_coeffs: [0.097013814, 0.000922124, 0.558979033, -0.000360386, -0.009682939, -0.000875923, -0.008753351, -0.002235121, -0.003754285, -0.007917091, -0.006434242, -0.005900155, -0.006373824, 0.009962742, 0.000803063, 0.001535097, -0.001646572, -0.000736073, 0.013948768, -0.008925846]
