model:
  type: poly3
  log_area_mean: 7.555458063
  log_area_std: 0.430724477
  vx_coeffs: [-0.007666385, 0.017816121, -0.006047480, 0.745430969, -0.010722127, -0.003121269, 0.004282212, -0.001829929, -0.014074065, -0.001367446, -0.007196976, -0.006654052, 0.000057886, 0.038905291, 0.007178548, 0.007865571, 0.013751748, -0.012856366, -0.003766797, -0.008639727]
  vy_coeffs: [0.092002228, -0.003220350, 0.559089689, -0.003185769, -0.007662214, -0.000226273, -0.002133390, -0.003005923, -0.007553539, -0.002389775, -0.003562291, -0.002883957, -0.002254333, -0.002347658, 0.002418838, 0.006041769, 0.005073684, -0.006814385, 0.011909824, -0.004660434]
