model:
  type: poly3
  log_area_mean: 7.458239310
  log_area_std: 0.469922158
  vx_coeffs: [-0.012978826, 0.024919949, 0.014794525, 0.745915409, -0.011207664, -0.002905470, 0.041129550, 0.000609456, 0.035699547, 0.004130387, -0.009620228, -0.020771499, -0.037015727, 0.007646521, -0.005809496, -0.053776863, -0.008025447, -0.010066830, -0.006852659, 0.014227212]
  vy_coeffs: [0.138362940, -0.068195990, 0.308964117, 0.005569565, 0.007900942, -0.011771312, -0.568735743, -0.028023014, -0.675055098, -0.155596357, 0.005521230, 0.279535265, 0.680606174, 0.212430910, 0.099991774, 0.836569146, 0.469203093, 0.164691109, 0.106618266, -0.331779133]
