model:
  type: poly3
  log_area_mean: 7.440158616
  log_area_std: 0.474961734
  vx_coeffs: [-0.013871303, 0.026385929, 0.013811842, 0.746440627, -0.009983645, -0.002164991, 0.042155761, 0.001241948, 0.038053377, 0.004069078, -0.009851966, -0.021596317, -0.037486451, 0.009724407, -0.005849704, -0.054749164, -0.008598771, -0.010957744, -0.003928700, 0.013030572]
  vy_coeffs: [0.138464784, -0.070378825, 0.308710231, 0.012452250, 0.010202575, -0.040416271, -0.562339777, -0.039438222, -0.723139960, -0.173976112, 0.007376009, 0.282622908, 0.701932894, 0.180342890, 0.099865256, 0.843411183, 0.522476864, 0.148985618, 0.121820528, -0.368590219]
