model:
  type: poly3
  log_area_mean: 7.459511226
  log_area_std: 0.465663196
  vx_coeffs: [-0.012024676, 0.019656457, 0.000826911, 0.750100148, -0.008518238, -0.004511617, 0.013498944, -0.000014733, -0.004802236, -0.003940609, -0.007101148, -0.002664882, 0.005069337, 0.008698117, -0.000173472, -0.007098206, 0.018865885, -0.005449873, -0.000265249, -0.013255743]
  vy_coeffs: [0.095912726, 0.000072733, 0.559858916, 0.000863873, -0.008413677, 0.000028421, -0.006507608, -0.001633615, -0.004244546, -0.007192159, -0.005694723, -0.005442436, -0.005312945, 0.004365264, 0.001177852, 0.001777817, -0.002995727, -0.000830082, 0.013446256, -0.011566691]
