model:
  type: poly3
  log_area_mean: 7.489044364
  log_area_std: 0.452368086
  vx_coeffs: [-0.009768413, 0.018894716, -0.000674899, 0.747608018, -0.010376914, -0.005197187, 0.011366773, -0.000905810, -0.003670774, -0.004111492, -0.007241204, -0.002791535, 0.003487651, 0.015102261, -0.000472162, -0.007000751, 0.020878227, -0.004424449, 0.000796617, -0.007526557]
  vy_coeffs: [0.102174768, 0.005574430, 0.548819569, -0.002296244, -0.015808829, -0.004820430, -0.015641083, -0.003036327, 0.000731574, -0.010752110, -0.010441371, -0.006533777, -0.007814697, 0.040519393, 0.000521620, 0.000813184, -0.003219549, -0.001948317, 0.024047797, -0.006813131]
