model:
  type: poly3
  log_area_mean: 7.452586583
  log_area_std: 0.469429182
  vx_coeffs: [-0.011213108, 0.021048447, -0.000175716, 0.747312078, -0.009039755, -0.004511157, 0.010930751, -0.000844346, -0.003969056, -0.005394614, -0.008347537, -0.004677894, 0.003373918, 0.017284871, -0.000109849, -0.006030407, 0.021830055, -0.002414041, 0.001944331, -0.007912871]
  vy_coeffs: [0.101733515, 0.007683703, 0.548720593, -0.001991240, -0.013847261, -0.004125276, -0.017315208, -0.003072307, 0.000679637, -0.011461485, -0.011448898, -0.007422908, -0.006147841, 0.045086399, 0.000895012, 0.000930663, -0.003983246, -0.001597072, 0.022982951, -0.007801159]
