model:
  type: poly3
  log_area_mean: 7.583447398
  log_area_std: 0.443241489
  vx_coeffs: [-0.010238932, 0.016669024, -0.010649913, 0.739140235, -0.006088661, 0.002361892, 0.009342306, 0.003773823, -0.023560244, -0.004594450, -0.005329046, -0.006052128, -0.002661158, 0.036398746, 0.016542010, 0.021997397, 0.018921549, -0.010167243, -0.002736295, -0.011474427]
  vy_coeffs: [0.087277502, -0.002178643, 0.556732432, -0.006066158, -0.002671944, 0.000970862, 0.000844321, 0.001988984, -0.007469543, -0.006189170, -0.001745822, -0.001079116, -0.003100213, -0.006870565, 0.004958810, 0.005507134, 0.011657538, -0.002931248, 0.015542678, -0.010033496]
